Port              FCS     Align    Symbol        Rx     Runts    Giants        Tx
Et1                 0         0         0         0         0         0         0
Et2                 0         0         0         0         0         0         0
Et3                 0         0         0         0         0         0         0
Et4                 0         0         0         0         0         0         0
Et5                 0         0         0         0         0         0         0
Et6                 0         0         0         0         0         0         0
Et7                 0         0         0         0         0         0         0
Et8                 0         0         0         0         0         0         0
Et9                 0         0         0         0         0         0         0
Et10                0         0         0         0         0         0         0
Et11                0         0         0         0         0         0         0
Et12                0         0         0         0         0         0         0
Et13                0         0         0         0         0         0         0
Et14                0         0         0         0         0         0         0
Et15                0         0         0         0         0         0         0
Et16                0         0         0         0         0         0         0
Et17                3         0         0         3         0         0         0
Et18                0         0         0         0         0         0         0
Et19                0         0         0         0         0         0         0
Et20                0         0         0         0         0         0         0
Et21                0         0         0         0         0         0         0
Et22                0         0         0         0         0         0         0
Et23                0         0         0         0         0         0         0
Et24                0         0         0         0         0         0         0
Et25                0         0         0         0         0         0         0
Et26                0         0         0         0         0         0         0
Et27                0         0         0         0         0         0         0
Et28                0         0         0         0         0         0         0
Et29                0         0         0         0         0         0         0
Et30                0         0         0         0         0         0         0
Et31                0         0         0         0         0         0         0
Et32                0         0         0         0         0         0         0
Et33                0         0         0         0         0         0         0
Et34                0         0         0         0         0         0         0
Et35                0         0         0         0         0         0         0
Et36                0         0         0         0         0         0         0
Et37                0         0         0         0         0         0         0
Et38                0         0         0         0         0         0         0
Et39                0         0         0         0         0         0         0
Et40                0         0         0         0         0         0         0
Et41                0         0         0         0         0         0         0
Et42                0         0         0         0         0         0         0
Et43                0         0         0         0         0         0         0
Et44                0         0         0         0         0         0         0
Et45                0         0         0         0         0         0         0
Et46                0         0         0         0         0         0         0
Et47            48213         0     51877     48213         0         0         0
Et48                0         0         0         0         0         0         0
Ma1                 0         0         0         0         0         0         0
